E 	 xsec(nue)/E 	 xsec(numu)/E 	 xsec(nutau)/E 	 xsec(nuebar)/E 	 xsec(numubar)/E 	 xsec(nutaubar)/E 

0.01  0
0.11009  0.00118201
0.21018  1.54529
0.31027  4.43317
0.41036  6.32509
0.51045  7.79051
0.610541  9.12377
0.710631  9.95851
0.810721  10.2707
0.910811  10.3623
1.0109  10.386
1.11099  10.3183
1.21108  10.2014
1.31117  10.099
1.41126  10.0282
1.51135  9.97469
1.61144  9.92577
1.71153  9.8784
1.81162  9.83251
1.91171  9.78692
2.0118  9.74195
2.11189  9.69914
2.21198  9.66006
2.31207  9.62567
2.41216  9.59483
2.51225  9.56598
2.61234  9.54347
2.71243  9.52807
2.81252  9.50571
2.91261  9.47952
3.0127  9.45402
3.11279  9.44018
3.21288  9.4255
3.31297  9.40639
3.41306  9.38806
3.51315  9.3709
3.61324  9.3538
3.71333  9.33669
3.81342  9.31953
3.91351  9.30204
4.0136  9.28408
4.11369  9.2659
4.21378  9.24751
4.31387  9.22907
4.41396  9.21072
4.51405  9.19257
4.61414  9.17462
4.71423  9.15692
4.81432  9.13954
4.91441  9.12254
5.0145  9.10599
5.11459  9.08997
5.21468  9.07454
5.31477  9.05977
5.41486  9.04571
5.51495  9.03241
5.61505  9.01989
5.71514  9.00813
5.81523  8.99706
5.91532  8.98661
6.01541  8.97669
6.1155  8.96725
6.21559  8.9582
6.31568  8.94948
6.41577  8.94103
6.51586  8.9328
6.61595  8.92478
6.71604  8.91695
6.81613  8.90929
6.91622  8.90179
7.01631  8.89443
7.1164  8.88723
7.21649  8.88018
7.31658  8.87328
7.41667  8.86652
7.51676  8.85992
7.61685  8.85347
7.71694  8.84718
7.81703  8.84103
7.91712  8.83502
8.01721  8.82916
8.1173  8.82344
8.21739  8.81786
8.31748  8.8124
8.41757  8.80708
8.51766  8.80189
8.61775  8.79682
8.71784  8.79187
8.81793  8.78705
8.91802  8.78235
9.01811  8.77778
9.1182  8.77332
9.21829  8.76898
9.31838  8.76476
9.41847  8.76065
9.51856  8.75666
9.61865  8.75279
9.71874  8.74902
9.81883  8.74537
9.91892  8.74183
